155
063
145
029
050
206
023
153
106
189
234
048
113
062
069
076
085
226
112
114
068
199
058
041
204
192
021
080
195
220
077
202
236
142
239
187
172
147
057
181
243
007
086
097
132
177
156
167
005
105
120
001
039
107
110
216
051
212
010
006
151
191
162
209
067
175
094
047
149
024
168
022
224
193
196
190
053
087
126
088
223
237
238
060
240
082
059
031
227
249
026
083
144
046
125
027
019
228
008
165
018
032
099
246
221
152
081
214
065
248
089
208
055
241
200
028
093
035
071
225
188
231
037
011
232
213
148
217
098
219
130
146
139
135
134
091
242
004
163
043
040
174
052
170
137
235
009
025
160
090
250
210
015
247
244
096
036
157
183
118
116
166
056
198
078
072
066
045
182
158
185
020
233
171
003
017
104
038
054
064
203
073
229
070
180
016
205
136
044
100
033
092
030
095
042
215
000
